648
366
286
111
903
545
695
458
251
755
475
232
426
553
409
105
930
929
917
412
377
937
158
733
570
140
149
457
784
708
315
807
448
564
575
583
504
613
470
169
586
196
712
669
787
880
735
563
663
953
713
712
867
68
903
979
178
974
906
747
937
901
637
427
551
224
610
23
860
786
121
796
924
988
338
684
470
626
358
931
899
969
367
570
146
853
329
376
211
360
337
338
57
331
411
903
182
440
87
160
926
706
272
685
585
181
20
965
913
411
30
379
108
917
622
541
42
353
184
77
229
207
187
765
839
224
892
780
7
475
192
192
858
191
837
391
524
652
423
873
565
840
638
484
64
57
248
817
417
121
880
250
150
997
524
215
590
11
635
660
841
331
842
67
354
172
859
320
541
616
854
123
98
815
564
24
695
438
294
734
872
148
349
992
324
719
505
507
124
386
846
699
282
531
893
973
334
43
15
520
821
582
566
151
676
317
846
297
832
530
104
967
274
463
196
638
191
205
19
229
68
45
801
191
691
965
677
477
765
460
53
911
463
658
137
97
222
288
786
642
257
202
867
687
675
266
92
7
103
707
576
319
681
623
699
828
965
278
969
745
885
357
905
281
502
795
985
217
646
488
690
760
465
834
557
97
643
244
617
257
144
379
451
744
679
941
436
401
130
518
693
46
559
294
725
332
325
19
862
462
392
470
383
283
751
384
736
214
658
828
228
460
695
137
13
422
839
425
362
623
147
517
678
162
423
921
729
740
332
96
892
272
903
665
535
692
908
368
838
203
131
673
807
968
200
110
803
965
765
322
912
688
857
992
827
469
504
628
429
391
239
539
305
591
703
342
931
781
561
791
422
512
431
766
801
66
823
30
541
702
914
678
837
464
622
928
198
786
356
178
308
474
918
804
180
601
43
811
350
930
312
532
720
921
88
145
140
124
171
389
652
546
354
271
558
650
809
47
370
471
668
553
802
387
784
103
550
645
934
598
613
399
484
763
178
864
749
417
827
386
158
75
308
15
461
920
659
926
701
209
509
760
548
475
289
970
829
672
781
73
627
669
308
667
566
840
230
472
955
349
469
213
478
129
622
700
155
157
897
645
245
300
747
17
562
692
732
44
370
376
280
783
663
146
583
967
435
105
783
668
160
330
455
493
467
582
526
196
623
183
208
129
977
355
866
378
194
794
744
562
623
171
396
455
37
878
752
886
522
876
561
942
837
14
341
12
621
835
557
874
246
176
605
306
732
233
0
389
326
120
501
758
649
461
28
636
834
699
813
799
174
269
458
578
954
777
834
422
282
260
824
475
606
347
232
418
648
510
774
291
556
606
92
866
318
655
578
181
710
448
195
256
895
70
174
816
666
3
42
234
937
823
233
434
324
191
478
886
694
696
126
539
650
496
318
890
179
143
233
102
224
205
175
863
972
288
263
90
333
476
969
259
948
321
376
461
149
258
380
884
669
206
749
815
514
821
111
854
974
233
539
311
287
751
909
29
458
61
943
833
61
37
846
157
344
382
148
540
546
670
494
27
630
739
474
56
800
462
775
867
907
59
908
608
722
405
862
415
872
684
789
375
122
143
768
8
727
151
152
212
962
295
281
176
864
803
155
933
120
31
195
246
522
608
531
979
535
310
692
723
739
836
651
8
133
865
190
748
875
617
188
179
641
700
444
402
221
62
286
285
641
534
188
921
132
746
292
572
642
340
712
485
751
863
47
30
8
857
228
580
179
715
170
889
574
460
199
948
567
502
153
851
524
981
742
815
932
367
26
664
640
709
615
600
825
822
274
726
223
876
612
837
702
895
722
540
130
140
61
597
949
676
442
158
540
534
461
917
103
119
68
545
54
773
440
180
181
767
402
194
480
946
973
81
385
167
845
862
44
32
318
600
385
158
411
707
529
156
534
647
309
407
309
209
508
352
805
32
617
997
171
984
519
497
645
11
483
960
939
779
471
840
233
811
33
481
72
417
267
133
41
739
745
76
228
498
377
666
401
371
473
150
766
640
401
888
410
399
144
342
470
831
110
124
604
632
325
966
810
930
353
692
532
356
258
187
606
877
715
447
511
854
671
11
836
883
385
337
816
45
928
474
885
191
499
176
664
621
112
457
995
469
712
744
266
345
379
852
425
239
933
613
912
234
663
58
901
767
53
815
497
860
397
702
492
39
186
516
116
862
559
616
825
462
680
321
993
584
190
995
204
277
191
906
896
332
146
662
803
10
639
925
334
917
265
848
965
261
934
564
913
254
553
56
907
12
670
491
234
428
54
306
453
844
86
435
413
309
206
212
614
379
815
71
43
340
278
771
226
518
868
636
279
207
23
510
486
74
234
56
206
466
998
81
189
811
703
20
480
699
127
527
733
82
547
13
879
274
511
243
27
966
718
616
636
959
541
805
46
302
378
234
294
453
419
884
941
468
80
155
564
233
310
321
73
217
519
121
253
116
65
562
672
266
974
426
695
223
698
939
742
375
242
637
5
269
775
984
300
368
901
642
867
628
372
211
849
133
987
498
826
216
862
49
621
88
644
476
287
682
894
724
950
306
620
57
796
599
688
983
721
867
531
295
140
804
305
851
327
504
260
774
337
307
903
870
150
521
1000
234
502
478
343
666
57
647
669
797
29
455
289
692
884
854
160
37
261
976
632
334
437
206
22
579
96
534
262
726
249
291
155
215
891
974
263
397
582
915
20
702
758
740
746
267
337
232
761
771
439
435
490
536
338
443
654
84
957
741
616
680
853
586
699
408
665
1000
704
61
903
536
717
456
791
705
970
732
724
333
886
205
118
24
494
98
377
337
922
665
132
730
978
537
237
630
965
176
381
808
864
213
769
928
834
45
297
303
431
58
699
369
51
431
636
156
594
840
965
230
623
835
854
122
778
676
987
974
373
336
54
475
105
239
624
568
833
534
288
226
95
632
983
873
277
902
770
484
219
522
991
507
301
236
888
667
323
715
60
792
51
691
374
290
896
612
906
968
620
340
149
164
811
489
325
399
211
669
802
368
885
166
473
448
1000
44
648
331
593
541
463
372
689
230
759
16
797
528
831
992
401
389
683
23
259
637
677
675
934
426
383
194
990
341
942
644
133
76
907
153
825
350
890
547
99
720
929
562
137
350
502
710
7
954
100
183
34
697
953
162
310
2
575
580
925
205
900
966
180
436
661
660
250
463
507
62
510
505
478
506
392
504
83
917
628
492
983
270
700
982
177
229
161
896
793
712
588
517
326
590
394
713
203
218
748
809
181
328
20
358
952
74
156
821
399
14
367
409
226
731
687
635
559
923
326
405
166
123
705
92
395
52
748
387
3
605
210
718
202
794
769
352
536
471
770
250
2
833
607
949
719
19
849
905
613
458
836
530
333
926
28
495
318
928
484
108
660
82
430
916
628
102
73
392
206
314
508
866
556
759
663
199
465
518
241
71
330
139
651
181
88
446
863
507
367
439
691
496
791
560
269
176
718
619
800
406
293
12
242
819
953
114
829
211
998
99
446
306
112
530
625
720
893
294
712
805
277
356
29
948
1000
747
428
244
477
424
327
919
321
252
877
698
649
579
730
886
704
546
664
227
565
1000
902
93
659
29
276
826
198
308
600
202
128
407
676
787
306
32
375
0
210
931
306
81
680
702
721
991
593
856
86
466
796
819
625
619
938
61
2
124
682
730
166
523
995
141
629
394
615
16
41
946
515
632
488
281
467
652
793
432
965
75
259
355
21
479
406
690
81
157
82
620
715
535
56
778
42
200
131
16
854
529
59
570
909
674
969
855
929
926
966
689
815
907
139
425
205
775
99
165
817
139
281
807
923
168
572
575
934
533
582
454
471
746
890
615
28
462
169
688
711
864
301
751
946
90
248
803
327
368
734
12
839
790
740
28
254
368
72
322
414
893
304
485
743
899
959
363
313
427
325
729
453
425
85
752
960
142
890
67
228
556
489
624
550
255
179
457
389
634
4
40
321
736
483
574
711
495
66
198
727
44
215
568
154
917
90
719
478
828
78
999
243
516
453
362
195
19
642
388
268
389
937
565
324
929
321
987
151
55
18
757
958
75
632
613
831
880
682
428
786
269
447
544
961
361
383
616
231
520
692
931
289
960
599
228
154
846
98
162
185
498
218
593
468
297
518
909
25
658
842
717
696
343
357
951
275
450
927
6
667
544
299
433
166
51
71
946
312
53
622
780
398
493
69
657
343
177
447
468
271
167
220
361
769
914
361
181
813
198
575
234
382
970
439
815
498
706
322
356
741
170
290
273
370
840
426
82
827
722
353
505
738
836
793
190
133
91
312
175
397
13
248
325
504
867
392
680
430
852
115
493
27
914
594
873
839
97
87
760
952
370
419
987
735
500
76
78
812
63
217
704
521
405
263
205
202
283
421
325
636
928
168
896
549
897
291
486
952
866
531
393
231
791
5
470
337
502
420
936
662
501
165
223
158
121
61
297
396
399
222
525
291
518
212
886
646
510
847
403
295
623
346
149
963
4
440
936
886
903
902
303
870
956
400
73
773
732
687
600
314
628
646
954
883
860
47
301
486
351
897
947
41
766
912
777
448
667
988
205
438
360
472
661
376
795
9
526
314
502
15
375
134
655
419
444
504
708
447
148
572
652
40
138
444
572
410
15
726
13
527
316
38
160
163
885
443
354
764
513
346
929
65
697
635
398
862
959
39
155
549
379
583
478
114
334
844
393
598
57
284
319
657
732
669
287
342
464
489
572
785
336
935
606
683
590
422
779
302
583
520
285
830
652
724
444
762
849
994
9
625
928
523
880
622
893
424
614
965
499
500
696
259
4
902
844
726
360
170
249
289
229
300
793
332
289
572
227
784
556
428
215
193
441
319
302
496
936
801
131
712
944
750
258
342
431
375
870
644
499
199
46
442
361
564
586
273
250
322
121
229
429
855
882
791
328
125
4
26
839
666
473
345
995
868
842
229
744
860
176
535
837
896
258
263
445
775
845
124
129
820
107
822
851
478
134
484
245
351
728
751
54
844
84
561
585
441
362
192
152
744
33
540
898
586
958
231
665
858
154
427
427
463
740
646
691
719
762
832
253
843
187
528
202
286
694
348
241
986
226
508
83
964
250
667
302
200
231
781
144
479
457
357
693
353
79
401
786
667
277
587
160
569
876
110
833
446
430
800
29
728
890
51
433
722
33
243
586
295
641
955
111
670
128
783
546
687
591
588
504
289
801
54
989
851
366
715
246
235
839
704
262
726
930
953
281
30
887
298
130
601
116
7
33
500
379
931
530
962
613
130
481
427
652
952
375
758
993
742
375
579
982
326
752
159
549
270
107
310
183
671
679
356
603
699
284
219
401
395
326
522
847
819
335
126
732
639
716
446
860
589
300
558
951
981
606
433
313
711
212
557
190
332
12
423
23
998
982
691
569
867
638
147
87
811
291
738
925
944
659
781
646
533
334
967
383
421
785
438
654
134
537
527
817
10
386
690
498
641
107
809
515
213
640
132
319
384
878
705
441
531
103
372
615
915
3
626
6
299
125
62
290
930
362
552
173
754
394
91
281
742
612
245
507
384
101
26
877
566
129
734
978
496
847
621
222
18
947
88
133
114
907
801
959
33
582
939
602
758
317
265
680
241
528
30
536
656
326
917
450
126
970
66
850
833
679
109
830
378
594
140
275
201
544
129
19
613
993
697
553
817
125
468
833
959
203
972
362
887
90
536
208
859
415
674
68
151
200
121
616
544
254
564
173
760
275
722
143
958
576
616
196
992
862
912
349
346
930
212
40
792
483
526
46
552
493
968
998
38
937
937
131
423
391
101
194
174
319
213
846
193
620
647
765
373
796
220
131
578
334
279
320
930
88
560
594
483
428
222
216
541
854
258
359
735
451
821
336
163
851
400
652
199
71
827
857
893
969
4
143
780
581
516
282
314
83
582
952
528
27
367
702
801
50
39
974
566
996
470
603
757
256
996
321
85
773
755
650
127
226
520
436
489
27
931
948
164
791
532
452
681
61
494
346
59
911
818
453
638
798
993
498
568
45
931
510
138
612
515
734
343
848
716
994
162
471
58
835
905
268
183
312
13
669
948
701
732
531
106
142
351
834
53
220
584
600
132
63
479
771
384
925
990
858
352
705
545
698
243
271
817
723
802
621
771
785
463
130
621
485
492
757
547
499
833
582
16
632
118
191
567
355
303
678
880
754
243
712
850
587
826
468
120
166
523
51
697
139
620
474
118
123
535
139
966
826
753
952
70
796
172
762
748
958
259
637
514
526
866
594
580
44
867
915
970
69
0
789
820
798
953
424
264
974
28
834
130
551
754
169
705
726
246
247
90
125
295
297
862
512
114
790
54
656
169
301
970
450
526
348
914
169
962
485
252
409
321
32
13
722
496
549
306
434
6
111
935
673
355
595
414
643
422
76
358
700
112
207
854
963
891
988
749
751
179
62
719
4
736
29
634
237
278
531
872
700
419
319
659
566
820
440
446
74
384
875
679
74
951
504
379
719
367
778
940
456
668
252
168
75
157
368
776
9
717
65
731
395
649
180
380
5
678
487
450
291
95
728
816
291
117
834
963
589
959
411
826
245
892
783
582
124
936
31
553
368
805
892
492
725
203
633
82
494
133
921
618
39
460
366
373
386
529
727
236
765
536
987
84
713
979
381
16
548
703
875
339
965
895
370
720
23
64
654
465
575
604
159
659
264
916
924
857
517
867
530
471
226
824
411
510
188
761
346
599
580
663
341
959
433
372
892
576
971
935
787
803
301
447
273
823
876
813
310
2
840
967
508
733
270
686
327
238
111
296
408
455
693
883
119
209
28
665
276
229
541
795
705
879
436
269
502
169
427
978
660
783
561
328
807
214
269
263
767
917
93
173
296
793
942
88
409
665
962
714
726
694
891
435
425
546
83
570
155
741
705
848
373
60
17
538
141
384
25
864
979
898
1000
380
65
489
825
59
164
79
792
575
732
413
460
617
914
366
265
565
249
420
592
401
859
756
690
498
37
69
557
983
83
559
334
894
807
609
35
691
473
903
638
418
712
717
507
658
965
886
854
10
3
388
256
179
309
20
396
765
950
394
438
719
936
420
904
212
22
53
711
31
763
858
696
659
316
80
765
56
875
302
352
98
967
223
177
924
221
722
332
809
841
406
548
593
900
349
267
576
773
928
47
57
514
932
762
542
924
868
856
519
736
30
421
511
996
911
890
709
996
828
540
88
548
9
743
323
738
682
489
233
897
320
155
996
300
83
117
347
978
191
55
761
557
925
387
292
462
952
824
30
816
578
707
436
409
28
113
906
369
939
739
41
479
641
434
982
51
54
137
429
407
606
426
199
180
37
306
594
921
837
742
51
198
987
877
186
964
442
276
182
323
738
238
78
124
228
935
560
177
159
709
149
560
483
312
380
984
286
707
433
276
921
73
551
386
492
196
276
498
138
129
567
936
469
152
921
599
75
213
211
515
523
57
780
271
606
776
632
918
714
187
695
855
977
45
250
898
282
126
693
968
578
205
530
886
533
874
705
664
151
678
426
849
61
356
68
203
611
522
358
74
569
344
510
548
836
261
393
187
674
258
18
964
350
699
933
462
804
245
893
658
177
222
827
550
801
126
946
938
205
407
696
573
487
63
443
613
663
786
448
960
755
812
914
945
617
264
624
223
68
685
560
538
877
473
175
128
886
404
752
651
852
478
16
454
394
626
139
658
348
774
974
421
348
535
1000
696
465
100
455
855
334
822
825
378
604
39
212
964
40
567
658
404
254
220
438
426
874
998
751
931
503
171
111
145
772
709
562
840
335
183
675
726
586
166
799
461
508
579
41
296
750
19
841
34
407
983
854
419
637
936
789
686
813
563
401
392
143
324
5
11
778
204
883
734
491
858
433
131
538
709
380
612
72
912
176
641
779
99
10
994
146
984
944
737
118
844
57
972
55
689
279
328
241
297
377
829
227
891
208
669
647
134
956
590
987
688
540
435
443
954
664
701
944
0
989
626
247
505
219
642
24
259
473
281
158
6
449
799
439
856
1000
826
381
443
284
595
176
254
71
127
713
822
491
549
790
829
348
182
426
905
104
549
542
195
299
947
238
817
543
16
781
43
930
404
838
560
962
492
782
418
60
446
616
834
418
608
59
116
245
325
93
478
658
735
327
405
14
218
989
800
941
991
676
389
95
672
270
823
38
902
994
251
437
277
850
342
356
849
740
884
833
503
117
706
121
31
268
753
611
770
478
397
97
122
296
138
199
135
878
573
390
864
540
101
852
112
989
589
484
417
767
34
156
460
255
503
100
423
471
545
816
838
358
421
741
608
390
5
948
367
899
365
875
846
154
311
245
459
838
272
135
597
614
877
169
944
561
580
842
275
600
558
222
886
642
904
166
844
371
548
74
269
818
175
856
793
225
104
635
447
311
370
733
355
382
446
110
705
653
358
318
710
813
668
424
799
212
850
883
470
496
407
543
498
391
584
103
169
822
358
780
855
936
490
43
677
541
167
270
78
467
449
971
223
56
921
247
955
356
248
110
389
105
123
492
19
250
969
698
144
766
470
26
890
764
436
150
888
142
692
552
605
971
821
567
843
139
8
987
796
721
665
828
716
454
161
574
62
519
625
924
492
254
505
993
445
96
44
233
305
833
355
311
175
483
898
8
611
555
644
448
554
599
811
717
670
284
930
912
239
477
568
793
181
200
857
90
154
487
897
947
553
582
470
881
93
322
398
492
579
593
633
201
523
924
269
565
962
48
154
437
321
999
968
286
816
272
123
882
774
327
224
757
314
141
674
671
65
213
432
775
229
866
845
119
57
729
290
492
835
577
548
960
874
399
997
381
570
885
196
375
3
812
472
631
779
706
757
215
889
320
849
382
40
819
546
136
704
870
857
420
641
226
415
33
34
276
980
952
718
936
44
175
375
955
197
984
91
690
823
563
57
883
49
356
258
620
678
414
725
699
824
955
398
896
554
208
846
257
949
197
695
915
402
712
524
794
560
368
414
556
998
517
948
199
176
232
726
587
2
6
0
62
945
363
599
427
382
57
255
800
101
72
70
30
876
629
337
823
886
577
19
378
895
325
696
322
873
120
843
792
63
187
849
699
915
8
115
949
733
499
57
721
714
456
797
726
451
383
306
64
203
22
790
877
454
939
3
330
861
307
715
455
322
657
569
206
983
412
892
329
670
0
541
54
799
517
123
508
236
828
463
42
162
303
187
661
595
738
306
810
835
326
154
977
541
501
295
81
306
746
498
17
742
709
186
235
332
199
623
940
530
979
443
58
974
961
569
726
387
878
424
517
698
348
413
968
603
870
749
425
214
879
832
222
23
721
647
377
73
688
999
8
816
683
909
959
730
953
383
929
889
762
634
178
774
296
313
989
819
189
279
918
230
353
429
632
403
145
422
353
61
901
836
53
60
872
152
884
204
110
597
501
548
976
877
516
252
895
854
778
468
802
74
186
332
671
919
62
776
963
607
317
729
179
129
95
942
913
463
42
865
535
146
790
692
680
955
200
474
98
685
853
937
333
895
885
893
838
14
406
749
617
317
876
944
590
791
630
952
12
17
624
730
259
719
743
279
378
143
270
232
36
254
742
46
275
193
631
141
557
553
61
769
992
603
520
768
126
54
212
687
148
799
717
755
139
561
291
437
602
142
74
467
16
809
425
644
456
475
725
35
375
669
90
382
507
859
811
776
159
726
514
586
942
201
294
624
969
512
105
869
464
188
982
643
845
260
390
492
256
384
320
253
812
87
480
775
33
874
589
601
469
30
412
121
801
993
541
268
594
87
580
166
105
297
890
864
103
594
541
450
111
312
324
65
38
423
691
354
369
971
11
5
673
649
899
701
504
244
930
13
352
814
826
954
971
510
717
419
25
856
71
916
818
368
336
389
886
643
227
798
420
875
873
679
768
357
887
473
349
996
254
659
365
857
827
51
711
996
419
932
838
130
591
230
833
657
542
869
799
581
669
587
837
960
86
474
676
559
55
908
238
484
371
856
95
90
122
853
106
61
552
530
265
824
864
46
370
778
471
81
328
298
321
350
859
844
650
2
584
825
68
41
193
185
426
554
368
636
148
736
836
283
339
712
999
557
402
42
394
353
915
182
439
311
251
786
131
697
625
517
446
852
697
977
346
488
934
111
538
974
424
193
132
989
705
293
260
583
373
232
651
212
355
115
658
514
301
900
922
821
700
726
602
328
193
629
714
773
504
162
109
330
82
419
330
626
15
494
562
664
776
197
971
876
139
233
421
827
152
343
432
193
523
518
932
479
300
133
273
819
464
260
233
950
552
142
67
427
92
157
532
246
957
800
89
690
620
933
297
492
65
463
557
955
317
937
938
352
350
281
491
68
36
527
828
53
363
333
423
300
336
145
93
788
699
687
251
70
305
153
110
652
198
515
200
700
617
198
912
567
331
335
709
255
640
558
939
134
687
796
664
878
480
674
961
245
251
171
524
482
838
166
859
677
72
569
947
324
161
77
640
30
273
441
310
697
184
199
365
211
996
437
174
540
940
561
160
695
932
92
791
155
306
215
985
114
665
320
312
455
982
233
534
55
44
735
89
438
728
728
593
11
640
506
828
423
119
324
786
412
217
10
106
224
50
392
431
980
27
758
187
564
581
430
457
743
631
717
689
54
726
884
678
134
23
595
650
386
700
542
373
225
812
485
428
608
275
598
526
511
242
243
936
170
223
269
152
272
825
597
115
666
44
17
304
290
597
683
227
164
447
440
227
841
533
675
526
443
682
352
402
332
867
286
602
807
624
979
213
569
32
742
572
725
998
654
551
536
307
617
117
2
947
104
74
595
844
439
568
977
83
897
166
445
283
510
541
166
549
567
453
417
307
768
235
109
193
753
641
417
775
163
451
207
207
365
777
103
951
939
78
667
230
735
780
121
584
885
543
298
978
725
745
896
16
534
471
405
105
972
209
429
395
902
941
643
73
966
434
564
268
334
775
726
153
427
922
254
729
989
916
4
900
757
810
785
225
649
249
674
590
277
646
667
610
521
404
996
494
717
864
965
852
925
922
972
787
29
319
682
658
742
97
683
230
93
972
422
208
65
791
581
716
567
518
926
387
491
821
428
866
454
695
373
572
439
218
385
468
329
292
140
778
678
515
222
747
121
106
451
902
42
432
344
926
529
328
865
220
705
295
139
908
975
60
256
350
974
360
57
864
298
853
126
781
829
833
213
319
957
268
697
105
86
399
676
52
100
80
684
7
581
908
267
18
75
248
159
147
195
95
454
144
362
582
754
54
339
545
192
159
703
898
943
279
685
715
240
173
350
970
567
186
915
9
23
873
893
230
69
998
473
324
186
527
349
431
682
439
882
836
71
695
476
24
557
629
945
601
540
491
154
937
858
830
481
192
151
321
104
922
631
272
425
960
912
590
356
211
622
592
204
715
372
487
962
172
868
112
568
831
104
626
416
398
156
495
914
389
174
961
554
821
799
901
581
306
379
402
748
406
790
690
123
976
373
951
6
717
873
61
231
732
948
77
713
707
75
334
926
902
873
17
799
58
851
31
652
645
19
978
352
494
100
869
247
782
450
857
274
21
631
320
872
916
375
378
87
377
794
255
641
248
758
423
436
204
930
220
302
736
84
41
794
631
940
434
9
136
108
117
59
974
499
961
814
356
65
431
511
498
735
63
821
62
654
486
573
456
607
453
613
367
773
470
967
407
246
982
293
492
147
517
134
896
308
786
426
755
550
870
328
952
52
799
732
778
974
285
293
830
67
372
653
774
577
216
24
252
247
206
643
836
185
378
460
403
763
51
16
860
117
974
163
233
219
158
484
137
610
191
430
892
956
704
751
667
948
162
734
430
464
363
835
877
32
597
833
947
700
430
746
452
186
724
967
935
628
146
580
153
492
8
703
998
690
676
442
162
427
287
94
687
245
399
914
393
477
851
280
655
92
474
708
404
773
917
491
659
900
245
331
79
259
528
120
849
668
93
644
864
794
512
960
787
998
477
84
561
113
193
751
833
771
109
200
74
51
57
866
377
526
871
819
96
328
167
575
299
928
885
934
995
21
372
917
331
79
248
600
617
84
457
582
818
803
879
756
682
914
952
741
415
279
454
184
209
182
763
603
628
614
198
508
808
406
921
517
434
952
921
367
220
244
334
665
731
165
125
628
382
62
730
524
312
841
628
78
655
481
539
846
678
470
108
349
39
393
183
437
329
819
290
144
372
902
892
883
646
412
5
510
3
361
581
653
603
538
500
966
518
486
532
723
24
744
954
742
74
929
110
796
895
286
532
706
541
164
507
896
616
916
202
932
641
350
362
672
440
770
386
679
699
657
846
432
551
50
701
326
291
831
682
48
45
296
708
379
267
342
485
481
0
54
232
550
297
659
425
185
619
125
856
629
457
606
740
920
71
266
855
463
82
888
634
240
997
594
431
449
317
873
381
83
107
487
951
919
746
965
38
870
700
551
800
460
721
529
62
608
740
495
369
554
584
938
927
980
497
333
798
32
797
456
982
820
350
87
914
846
805
579
939
718
132
594
635
692
446
422
256
478
654
480
640
652
152
608
987
666
662
488
654
669
73
63
893
908
761
596
800
159
850
225
90
743
611
925
83
447
511
276
986
401
622
295
508
895
560
834
191
901
175
881
357
309
396
799
975
295
389
9
643
592
787
868
485
755
391
169
494
741
818
868
246
537
138
370
986
754
420
713
80
261
935
184
862
361
9
433
963
801
130
236
345
595
280
46
616
986
789
166
460
877
571
53
506
842
473
948
371
91
813
94
193
254
320
921
97
148
700
330
342
155
866
552
827
128
957
922
950
283
433
394
499
304
444
686
100
224
243
18
605
377
529
182
696
860
456
365
300
298
230
613
733
40
873
646
844
974
921
975
530
488
698
910
743
763
289
756
235
730
772
150
862
165
88
281
981
141
496
778
648
520
683
152
554
253
643
204
336
436
731
336
823
120
22
144
885
4
45
121
254
451
92
733
995
244
887
998
709
447
947
106
149
752
604
465
644
482
830
851
231
27
675
298
868
430
950
0
946
289
425
695
295
68
952
81
700
8
49
304
430
740
945
343
279
495
59
168
875
229
654
416
221
89
115
486
452
489
136
734
791
974
552
18
97
180
999
824
25
941
246
674
790
685
217
457
396
188
351
825
911
944
394
293
296
941
237
151
232
534
465
865
471
89
141
132
227
619
312
141
796
900
886
780
908
723
531
993
470
863
489
94
171
663
553
673
322
17
530
892
743
864
616
725
726
379
687
844
967
270
746
353
150
233
370
611
265
395
900
890
545
419
230
152
740
115
560
661
707
212
706
812
595
682
557
630
30
707
382
33
206
840
386
134
674
362
21
47
501
796
175
805
320
497
819
528
235
579
308
592
655
720
845
456
976
573
410
492
210
339
393
756
128
209
515
48
442
627
387
282
367
931
334
534
809
687
376
871
410
866
316
511
958
330
515
427
217
650
485
413
315
121
431
248
913
621
576
776
859
395
263
361
51
140
292
518
980
382
311
45
976
995
425
63
450
546
374
653
618
128
643
883
702
120
164
487
257
461
132
190
160
609
920
919
772
864
107
444
254
555
461
282
653
173
117
424
353
664
328
494
250
333
159
514
804
194
894
589
487
971
84
257
716
712
154
86
904
55
241
892
240
1000
604
132
398
0
671
82
476
940
356
74
676
798
280
240
234
631
886
597
644
583
594
704
548
623
526
760
394
164
928
809
810
173
46
409
393
972
259
838
243
570
998
960
383
498
282
144
789
943
742
789
830
971
451
279
669
593
836
228
103
509
751
1
616
227
937
478
572
687
987
355
162
851
797
350
719
490
414
850
716
503
216
984
76
634
173
123
93
270
98
679
389
529
1
932
139
89
621
601
368
275
181
900
702
184
533
702
328
792
525
174
21
915
986
765
126
372
752
892
222
436
457
941
180
410
624
190
182
758
346
859
658
477
699
303
269
840
342
648
620
559
185
485
501
974
257
770
268
102
226
404
301
589
538
605
510
256
277
131
326
898
876
211
762
507
825
503
732
633
799
30
140
54
789
63
567
200
507
415
974
743
769
705
674
960
108
628
843
91
117
755
561
372
268
340
570
378
48
161
568
935
934
949
678
731
581
530
136
297
753
836
467
665
102
149
39
364
70
413
994
156
402
969
408
893
541
657
579
508
6
599
743
300
178
974
137
190
14
639
845
742
630
70
915
931
193
776
464
788
705
151
58
855
959
432
156
751
835
932
897
30
544
804
175
270
108
764
144
262
22
627
699
455
648
629
748
64
506
380
109
106
883
669
90
766
364
496
473
951
950
40
95
977
788
952
335
698
89
550
198
315
842
66
777
41
583
347
750
742
433
865
345
822
764
404
296
584
46
68
792
17
765
252
755
121
652
381
496
542
437
232
475
334
585
533
120
915
433
893
963
197
57
252
374
802
671
962
996
443
136
961
887
297
904
764
32
302
172
964
755
772
423
791
549
698
180
442
418
969
13
178
49
356
618
834
564
400
469
263
216
548
105
238
754
640
375
146
498
28
945
58
88
9
717
910
255
547
98
529
40
2
516
573
288
68
853
45
40
616
277
424
350
603
25
35
160
473
117
640
852
23
116
452
97
156
792
873
386
637
902
192
825
422
473
797
533
365
856
526
684
10
192
972
544
519
192
965
528
555
595
453
634
909
922
524
649
560
934
114
38
188
23
235
768
101
412
669
996
673
503
768
59
632
932
561
59
415
310
672
776
375
998
447
660
292
244
121
286
710
15
724
695
184
198
442
385
873
706
31
362
330
392
111
743
544
120
395
682
197
26
342
463
118
535
880
987
774
690
0
900
28
487
409
687
477
357
288
381
479
742
501
560
465
27
452
864
421
470
201
473
318
874
93
337
754
579
445
357
993
657
657
364
340
9
421
431
538
94
981
109
645
479
263
847
86
318
995
422
915
57
42
648
266
231
653
163
626
725
348
167
305
871
761
211
411
741
343
720
735
115
982
768
498
237
7
201
51
775
227
881
398
346
330
814
31
94
8
742
767
841
866
839
183
950
438
256
416
867
790
624
650
836
961
35
203
915
72
876
301
212
626
306
4
875
183
470
823
149
177
186
1000
453
395
246
192
368
569
105
463
700
689
703
11
561
357
566
548
827
941
97
563
949
914
247
835
267
362
70
679
875
941
268
813
255
463
716
2
545
41
431
911
798
828
784
414
51
964
597
952
707
399
697
857
954
897
304
727
639
174
584
162
818
941
505
937
668
352
656
782
488
75
256
773
193
769
673
224
948
401
245
756
90
370
148
473
732
624
254
951
54
341
656
187
596
513
136
553
931
880
116
472
484
597
576
497
826
702
307
212
903
255
991
230
674
317
862
470
14
347
199
794
71
825
785
131
154
735
28
231
752
323
894
226
554
586
663
517
522
9
470
605
469
773
176
489
484
95
487
461
503
986
491
263
801
221
286
902
273
950
28
567
777
755
529
496
581
362
891
680
557
148
142
2
302
21
368
627
545
112
918
645
110
219
631
44
267
955
841
499
7
429
828
155
936
426
876
506
186
870
956
525
266
952
431
264
685
578
17
725
84
576
255
298
768
105
147
451
396
272
421
503
762
139
393
343
228
44
566
74
705
997
143
208
743
281
295
429
224
709
198
25
809
474
605
486
74
132
352
160
524
876
759
142
152
36
613
54
655
171
78
726
813
449
168
112
188
622
387
415
145
947
608
268
115
189
354
392
823
969
328
619
936
418
123
964
417
843
226
82
527
336
404
992
186
375
421
372
316
190
904
88
271
381
242
823
65
353
435
655
782
540
27
844
623
664
898
710
727
874
635
748
948
239
758
12
494
743
413
995
838
36
81
525
402
725
137
910
172
743
545
875
244
699
7
633
169
769
514
413
96
162
759
281
278
573
205
757
855
930
809
337
398
666
380
94
86
619
664
973
152
833
667
5
426
325
304
489
615
811
919
904
364
969
572
879
958
304
729
149
899
715
635
152
396
844
55
346
578
807
738
13
571
176
520
916
780
989
569
524
134
735
514
416
435
877
478
426
100
217
220
494
290
975
93
92
750
534
532
624
713
499
630
404
48
269
455
489
678
929
956
950
332
452
26
776
133
396
524
425
157
560
7
619
947
159
162
914
240
751
973
111
261
349
354
258
36
205
671
409
323
214
996
707
620
228
146
107
187
179
729
495
326
484
724
386
513
575
393
969
795
912
60
345
368
847
591
880
210
965
735
808
874
38
598
582
824
722
764
899
484
475
515
410
575
20
106
427
755
925
623
100
487
58
903
865
99
707
770
618
484
484
755
847
680
679
837
828
75
933
772
293
871
472
467
255
205
817
336
886
317
650
400
696
943
571
593
7
739
922
783
953
61
305
306
859
373
75
283
112
66
93
71
119
233
856
146
433
397
942
316
177
295
342
974
774
961
79
513
671
775
798
384
358
155
530
562
950
661
537
785
572
806
665
433
473
126
630
905
956
545
822
471
230
621
282
65
257
111
845
852
764
244
824
806
509
34
755
736
691
27
825
458
186
612
720
926
156
294
287
587
433
198
576
944
134
642
773
578
184
981
219
563
828
740
363
891
357
532
735
970
275
558
599
572
423
508
209
625
480
133
274
944
503
628
350
471
798
560
987
333
702
395
30
672
960
902
1000
450
493
844
541
437
5
478
94
812
650
441
361
90
431
883
873
381
439
57
736
609
173
280
129
68
97
561
254
159
351
122
309
558
588
388
354
65
457
468
10
285
571
10
970
159
83
651
334
801
40
308
662
228
705
833
56
30
245
452
613
511
307
109
894
152
182
23
254
973
437
664
177
690
43
253
795
417
801
111
675
465
271
828
325
876
552
867
681
784
480
604
764
420
589
568
393
790
983
499
869
558
901
621
646
589
814
798
996
961
948
34
749
877
253
396
288
145
914
423
778
27
26
258
719
832
287
31
308
489
1000
662
272
689
980
709
61
656
401
330
584
467
850
721
250
358
210
960
220
707
899
949
942
628
525
524
964
203
241
81
761
459
934
516
781
608
658
178
667
665
842
717
211
102
446
232
497
251
906
152
511
193
254
898
365
592
544
5
138
261
59
0
267
609
785
102
925
677
452
167
76
560
979
816
955
724
101
563
309
160
895
490
314
671
133
837
903
278
882
96
626
982
128
177
816
142
487
636
883
697
901
992
959
743
727
74
84
896
686
111
852
320
701
194
753
109
670
387
221
14
81
779
944
137
231
974
283
861
920
416
147
536
596
3
795
54
111
646
441
939
585
339
678
127
124
81
499
345
444
771
318
661
981
587
542
593
229
210
612
353
102
80
494
315
318
948
835
732
874
74
631
338
592
106
853
620
251
743
189
213
681
990
615
155
207
755
400
778
1
624
384
4
63
449
337
743
241
805
605
538
186
149
706
528
475
373
327
977
275
217
781
127
30
343
361
162
92
470
395
452
110
332
687
216
490
141
353
950
549
398
956
969
931
158
46
678
575
209
726
546
423
793
958
699
767
201
194
64
496
868
918
326
845
90
820
307
443
762
966
116
91
288
436
192
119
479
986
18
60
900
829
348
305
332
164
661
410
541
57
872
302
941
41
65
101
754
224
475
709
495
106
830
554
469
794
757
843
242
37
0
568
439
712
400
283
681
732
598
393
670
153
593
294
737
548
76
516
185
268
864
26
541
895
836
133
247
804
21
169
871
59
837
906
16
459
290
834
959
271
715
120
924
482
671
634
242
13
884
84
960
252
30
501
918
179
834
134
115
333
219
522
463
570
465
839
543
898
80
578
412
109
296
813
532
163
2
694
573
771
130
761
379
811
529
734
501
729
595
910
702
194
788
593
334
280
225
21
893
809
735
803
63
691
905
222
531
813
453
632
791
758
590
258
122
707
265
806
366
836
372
389
647
821
396
293
886
743
591
864
129
438
854
898
298
297
462
470
316
756
612
493
9
541
720
194
482
516
768
782
787
991
931
614
355
941
870
31
71
717
503
411
430
96
490
581
385
827
998
808
409
287
506
221
943
825
62
647
609
547
391
589
554
886
490
263
952
984
16
653
868
258
558
359
624
819
636
564
100
119
556
886
798
801
815
729
663
485
870
485
606
88
966
83
625
181
806
143
467
588
242
223
553
660
214
445
718
364
567
284
750
869
934
715
531
85
326
95
344
426
663
579
49
940
34
544
564
550
612
715
866
688
96
801
185
882
628
927
907
452
39
958
335
119
353
988
430
968
813
683
581
641
73
978
465
106
663
352
239
358
222
333
740
160
753
59
85
77
584
313
287
222
52
120
914
108
762
376
237
838
855
884
114
148
3
891
212
891
383
873
163
824
746
803
890
912
602
882
546
815
882
126
75
498
655
397
188
649
971
805
448
68
580
961
434
442
818
803
935
490
58
780
471
108
743
348
619
113
332
72
872
904
268
191
352
210
102
253
611
876
697
929
575
445
829
225
10
197
806
878
545
817
327
25
773
37
390
243
710
346
508
571
36
469
373
494
615
53
909
144
457
758
485
548
309
757
727
309
602
217
697
955
614
138
606
294
242
574
830
787
970
499
876
324
960
370
643
400
589
287
248
647
10
284
888
444
888
259
696
368
226
370
293
538
508
799
478
838
184
321
176
474
316
570
867
669
125
713
470
793
37
496
579
477
294
851
99
91
774
184
750
556
57
29
950
498
347
33
572
649
189
63
824
927
657
163
357
44
522
863
721
283
979
967
479
405
292
437
486
621
492
710
4
557
728
736
762
521
203
712
598
730
109
986
182
988
108
199
21
549
385
703
276
855
246
572
89
773
506
712
495
761
625
481
312
650
981
541
417
557
94
782
460
680
127
332
691
925
840
496
637
297
646
668
848
166
304
407
546
11
463
809
580
151
76
653
9
415
275
829
296
225
260
528
874
673
939
201
543
325
647
683
475
666
425
928
304
163
303
312
515
584
913
918
766
272
753
68
516
993
534
99
857
939
958
109
417
838
319
728
627
821
863
966
814
345
332
442
76
553
787
492
476
430
862
640
917
461
123
800
836
585
202
100
603
556
790
629
160
652
716
129
537
771
838
654
789
128
456
16
54
331
253
938
594
298
311
513
758
216
841
465
98
569
39
80
701
907
739
109
752
36
902
201
714
180
162
736
765
740
612
590
595
372
486
7
198
696
811
51
297
847
429
863
637
1000
410
392
385
6
889
125
661
33
815
907
758
93
310
348
190
518
183
181
580
675
596
443
145
851
372
33
657
83
486
79
887
286
78
477
699
317
856
701
127
6
944
573
967
364
216
480
557
95
489
46
793
256
915
737
53
742
906
231
666
410
797
838
50
45
516
498
402
120
755
79
558
100
75
563
864
71
630
125
706
529
703
179
688
335
356
567
380
264
867
592
563
177
338
476
734
370
593
206
75
480
103
61
130
615
774
769
436
640
193
348
553
420
729
523
425
917
662
897
923
663
767
243
954
397
794
237
851
613
724
976
709
155
324
719
454
512
614
453
606
249
343
126
694
64
64
525
259
724
100
975
99
467
989
454
623
365
901
319
309
460
192
102
909
957
755
36
13
100
750
964
851
834
457
650
602
229
238
775
290
517
978
30
984
411
26
591
465
157
488
101
206
697
573
132
66
576
182
707
283
693
919
631
571
290
502
255
971
885
668
579
588
675
982
813
894
33
944
958
119
855
989
509
675
557
410
886
63
322
685
374
764
111
326
305
606
970
147
112
789
879
643
992
243
519
355
729
943
961
964
384
944
841
152
345
86
594
32
375
609
579
774
14
481
881
803
125
645
349
62
784
101
658
333
972
651
89
120
256
528
9
594
525
533
559
747
649
347
307
769
896
179
523
306
786
297
138
221
843
290
36
616
213
106
892
871
926
6
876
800
300
935
252
665
373
165
891
92
34
631
584
619
937
911
23
980
302
237
205
832
245
978
79
240
110
844
837
313
175
844
387
845
769
581
852
302
658
240
674
114
778
962
682
778
989
89
451
723
653
747
25
432
434
160
692
760
569
821
122
115
462
792
26
183
116
898
770
631
269
728
963
176
250
936
533
656
871
248
383
41
584
598
855
416
315
1000
599
966
553
696
261
302
886
613
535
132
676
628
279
342
530
27
46
859
575
809
745
507
628
624
166
48
723
133
104
417
396
359
449
131
69
17
261
901
526
124
877
88
578
614
857
692
841
690
522
258
680
889
204
646
485
147
204
616
400
152
746
720
626
229
13
574
212
20
449
944
514
591
522
401
547
804
843
267
828
623
827
279
118
377
76
601
898
712
19
682
638
469
218
692
47
750
898
772
302
396
541
441
352
14
228
577
423
481
237
755
815
308
13
150
861
372
412
855
185
343
672
891
643
473
907
167
225
551
230
956
955
244
667
206
127
55
927
981
434
609
551
829
618
335
633
534
388
116
439
720
600
73
882
137
447
340
804
308
203
442
458
848
260
680
814
654
622
26
199
978
563
555
225
235
847
417
788
934
605
943
190
483
552
861
764
537
54
9
260
488
456
745
712
166
3
897
710
116
219
517
799
845
176
457
415
880
209
519
854
278
848
997
633
932
302
175
353
738
657
508
639
721
229
492
697
262
636
154
712
168
785
809
827
975
907
864
569
363
856
65
311
521
707
887
41
780
256
30
842
970
653
177
546
828
487
257
677
907
25
761
291
164
182
712
825
655
460
784
391
969
541
993
709
665
569
70
331
283
79
158
738
630
961
264
757
953
881
316
836
894
495
65
777
560
269
891
112
582
368
773
701
476
360
441
388
135
514
980
464
5
452
705
15
618
565
234
629
114
666
937
794
787
859
706
712
728
276
693
296
943
604
188
882
652
924
498
31
300
119
774
617
942
820
100
917
950
833
279
202
321
135
268
85
647
717
233
306
705
807
299
39
275
92
821
848
816
109
216
324
537
342
70
972
321
786
108
672
505
257
294
809
728
554
72
408
236
142
887
11
119
787
243
63
59
39
789
168
81
211
341
486
540
892
388
378
451
731
595
963
775
502
974
99
483
135
229
148
769
751
639
883
132
928
756
851
171
26
438
897
974
376
137
445
62
883
902
323
356
359
344
522
630
209
407
716
478
469
145
874
954
118
283
340
898
533
507
142
81
176
288
175
666
715
531
51
360
99
407
295
273
949
733
829
380
471
100
295
133
497
206
472
314
357
819
251
717
950
566
629
560
673
957
427
816
788
913
480
678
459
619
423
579
278
980
503
553
227
539
782
361
526
583
760
348
908
2
312
914
315
257
77
184
923
175
43
707
233
646
955
57
732
721
757
719
795
937
888
54
890
265
653
564
997
771
813
659
153
757
187
94
858
414
930
989
265
41
379
420
90
467
904
143
817
571
239
774
262
722
279
452
142
929
618
777
799
100
527
556
381
223
784
853
440
505
739
54
766
43
492
882
100
349
415
62
501
958
76
450
183
498
106
500
886
168
620
658
563
763
431
886
905
47
473
745
188
373
957
65
479
26
472
515
841
217
218
519
169
11
834
748
730
42
458
334
913
159
444
570
150
551
468
715
58
729
282
299
980
673
366
20
659
236
944
161
998
720
464
656
513
790
292
635
907
485
846
853
170
342
958
517
616
896
441
170
944
857
130
967
62
718
354
438
416
409
593
764
896
19
210
742
937
149
725
683
329
442
548
158
189
193
868
738
747
941
561
82
959
362
519
30
407
717
426
78
330
29
694
488
234
108
189
661
171
790
570
803
0
651
329
612
203
139
271
116
486
645
170
460
412
374
831
509
441
542
622
29
730
487
810
957
990
749
168
496
603
121
739
586
624
579
272
723
800
519
975
247
184
56
14
597
827
441
310
159
401
690
200
597
528
250
647
268
750
289
1000
287
707
858
378
783
937
554
660
902
222
648
865
631
479
571
914
63
647
727
974
694
808
297
772
806
990
243
607
477
729
181
416
869
729
423
216
678
550
615
606
232
886
863
755
637
127
510
835
41
186
36
292
67
464
527
745
933
723
658
78
39
517
33
85
392
955
203
102
382
461
501
755
892
418
833
803
792
214
864
73
225
572
2
800
887
544
148
275
62
747
844
180
351
158
598
826
731
551
363
864
119
842
103
749
890
148
139
449
686
800
341
911
729
17
357
340
471
191
334
785
116
220
953
911
921
722
450
903
515
299
812
508
551
686
988
318
647
669
330
706
823
658
370
857
853
939
679
213
869
307
144
53
891
718
794
520
42
50
295
994
542
859
195
356
648
366
692
79
873
606
419
657
965
755
39
936
721
987
409
82
108
67
782
374
35
167
129
542
875
619
732
119
840
38
940
43
574
1000
923
727
753
763
295
159
617
973
706
46
838
962
695
696
281
466
756
202
739
502
562
888
313
532
788
755
826
418
152
155
513
399
668
561
116
996
767
316
909
2
360
829
90
328
553
294
651
735
80
683
586
929
19
148
157
541
258
583
864
363
534
962
784
901
365
708
305
690
551
361
118
54
671
956
381
736
158
664
835
639
196
381
142
841
924
871
863
104
548
258
755
179
772
969
835
294
50
180
525
849
410
629
421
625
738
514
268
298
918
523
444
794
129
614
654
268
992
417
793
150
349
745
963
242
467
932
133
4
601
192
779
238
190
572
157
200
938
841
322
445
