117
51
437
656
32
657
487
992
392
582
665
645
630
514
972
779
907
115
923
811
320
772
613
552
308
476
25
3
3
653
650
365
538
866
756
655
994
468
99
996
276
17
315
594
300
865
444
126
569
145
213
425
63
328
493
969
662
940
833
70
549
585
589
893
418
169
89
421
669
351
41
706
783
764
430
309
917
114
539
67
795
713
248
380
431
450
412
913
269
971
938
989
660
574
284
349
851
330
816
261
815
886
681
2
175
701
818
548
420
3
229
824
853
451
498
782
376
430
610
106
134
106
329
854
239
589
966
166
211
815
214
784
163
13
589
894
733
175
22
224
34
35
596
210
375
208
86
152
131
521
585
470
628
290
457
226
74
716
821
525
821
243
374
152
296
997
763
280
982
326
122
977
133
771
675
264
726
77
524
917
415
534
163
393
425
27
514
604
611
474
201
39
136
53
914
414
812
779
223
558
521
313
456
124
314
35
739
1000
322
935
105
124
311
910
860
249
313
12
310
512
972
783
614
847
734
955
642
574
786
386
518
967
739
735
73
926
799
175
877
679
635
747
185
541
262
665
217
240
219
161
985
662
647
972
861
731
560
593
977
540
91
778
430
928
542
512
420
370
82
939
775
448
763
49
380
331
145
129
768
655
271
153
526
350
856
371
766
108
917
516
837
241
664
932
732
634
825
209
317
839
108
684
844
258
250
405
513
797
210
531
242
928
993
189
989
304
25
385
218
292
588
591
511
954
998
630
405
515
137
307
579
426
357
978
943
753
215
500
970
227
153
183
307
432
373
856
775
627
335
679
144
878
485
458
997
556
922
982
63
645
75
246
137
227
53
643
486
134
633
445
205
624
835
945
630
82
304
102
283
280
327
936
134
594
81
275
481
985
720
673
446
217
421
85
56
700
549
118
997
98
89
157
16
607
551
282
233
714
261
531
631
118
871
349
837
216
288
635
423
189
790
416
32
178
155
944
413
252
300
799
575
558
752
908
690
811
138
676
613
564
939
970
89
463
877
338
816
169
573
39
195
758
827
653
554
154
208
535
73
954
356
347
341
668
220
775
882
303
184
962
688
832
236
894
11
734
115
938
904
538
701
322
114
879
938
565
284
209
342
709
612
974
675
340
68
949
656
325
805
528
966
156
515
954
723
202
891
903
93
758
327
141
378
881
992
927
329
984
368
77
912
664
90
522
501
647
844
346
203
912
466
186
314
247
183
558
913
942
937
805
662
591
947
731
429
17
291
111
182
255
646
658
651
305
291
465
76
37
337
968
307
567
994
36
964
258
267
946
826
929
74
963
289
144
612
505
708
68
237
362
520
761
966
532
91
713
198
317
721
812
638
205
859
283
16
782
680
153
623
262
733
138
361
135
166
259
943
582
559
528
162
269
844
356
381
249
556
410
588
355
765
765
730
672
638
274
932
95
443
706
165
500
836
389
308
50
861
665
749
323
464
597
993
380
346
326
498
674
667
641
582
87
539
305
165
646
61
103
232
324
847
773
212
666
132
690
723
411
221
324
401
203
807
240
518
560
537
76
299
984
826
918
167
384
509
494
414
1
660
546
516
3
59
692
210
432
210
227
427
276
181
912
746
804
41
870
603
916
776
565
313
539
719
846
673
407
469
616
191
524
270
521
307
447
651
216
606
499
924
665
605
578
445
308
235
95
137
97
540
559
122
65
867
133
779
825
567
983
126
16
295
721
651
18
590
3
353
102
723
640
639
71
806
422
748
137
600
327
151
57
225
194
801
308
766
244
460
729
921
247
857
697
364
118
83
217
664
544
237
146
635
764
558
522
747
143
618
732
287
735
462
727
616
990
116
938
353
433
318
534
431
900
872
400
439
570
383
113
848
321
378
820
678
442
810
688
820
870
122
586
518
792
623
425
657
172
206
329
259
912
442
650
389
905
399
193
721
338
709
74
659
242
577
324
196
311
583
581
296
896
420
12
461
11
115
504
320
203
768
745
729
540
127
408
838
325
178
691
642
928
603
573
729
320
50
978
870
584
438
336
558
133
97
440
98
168
527
673
965
3
351
219
240
365
249
442
543
824
22
16
635
641
329
884
189
688
376
677
677
113
448
530
472
764
848
209
644
388
277
937
215
628
854
283
116
902
219
813
430
356
376
894
736
783
189
553
577
222
116
64
867
754
495
996
343
421
370
438
68
858
52
63
728
670
145
843
384
827
880
240
347
620
442
794
876
115
420
524
322
780
349
136
294
517
148
284
433
8
271
447
879
895
306
887
572
236
264
608
89
417
