681
899
781
699
234
925
7
409
827
924
111
191
69
738
93
326
18
833
447
995
731
111
741
330
90
115
330
108
306
604
447
521
657
875
804
330
580
12
541
716
986
889
966
48
595
979
816
366
258
460
427
302
555
247
31
533
824
961
709
946
947
411
317
13
224
646
486
538
397
11
525
337
24
287
653
437
465
744
494
262
181
181
520
766
869
644
921
194
862
464
489
640
308
816
233
983
741
692
901
645
269
927
763
571
927
4
458
833
417
775
14
892
688
849
2
94
207
896
131
769
595
415
213
673
27
521
567
133
319
643
301
838
146
99
254
744
753
438
793
612
574
186
147
525
844
277
261
90
345
479
864
104
919
499
782
968
134
898
369
879
379
528
226
586
686
462
809
966
737
954
944
246
895
127
981
269
202
316
970
669
975
520
732
260
397
571
608
526
740
999
332
116
901
457
533
465
973
568
600
367
491
731
833
7
382
6
654
239
228
616
917
122
930
181
494
905
724
934
724
431
450
349
955
303
715
703
336
421
476
238
456
520
862
51
682
188
620
562
491
557
341
785
17
1000
616
853
92
484
437
76
780
188
905
900
384
618
908
791
229
686
874
225
538
2
941
107
46
228
968
415
69
628
231
44
654
383
40
81
201
102
658
341
773
79
688
553
877
988
688
379
418
517
680
583
740
227
850
644
342
843
781
662
893
120
154
902
271
635
780
355
532
30
270
854
693
712
536
835
734
891
76
387
781
182
79
879
14
26
795
3
15
789
690
163
830
102
152
138
677
22
367
458
823
942
706
775
230
924
580
851
154
981
321
978
770
90
561
949
695
142
667
740
787
894
957
795
341
115
942
3
345
293
577
884
856
235
417
5
632
607
672
573
990
88
954
337
453
269
6
904
165
760
879
581
211
325
531
828
676
964
805
317
921
215
777
110
636
587
387
327
173
493
345
617
359
995
473
208
66
136
686
732
996
252
185
665
208
908
115
662
886
319
696
351
167
992
165
131
415
571
561
265
981
790
187
952
217
263
630
957
348
757
272
100
849
282
99
960
875
499
561
901
756
731
534
34
404
564
498
629
96
817
288
601
594
832
15
575
565
803
653
470
890
852
617
976
654
679
362
800
725
311
649
595
988
928
268
926
903
995
